{
  "render_height": 1080,
  "render_width": 1920,
  "camera_path": [
    {
      "camera_to_world": [
        0.9081562430706164,
        -0.15014701716659595,
        0.3907788523037518,
        0.4899138808250424,
        0.4186313869884381,
        0.3257208017755274,
        -0.8477344638026959,
        0.04912387579679561,
        -5.5511151231257815e-17,
        0.9334676387142092,
        0.3586616336790409,
        -0.04201617464423216,
        0,
        0,
        0,
        1
      ],
      "fov": 50,
      "aspect": 1.634796238244514
    },
    {
      "camera_to_world": [
        0.9080164393932991,
        -0.1479164653677202,
        0.39195263114901463,
        0.4842739206634675,
        0.4189327235557863,
        0.32335140517502103,
        -0.8484923346179802,
        0.050238864155976386,
        -0.0012324470157840663,
        0.9346467718044392,
        0.35557543929508667,
        -0.04124617164872264,
        0,
        0,
        0,
        1
      ],
      "fov": 50,
      "aspect": 1.634796238244514
    },
    {
      "camera_to_world": [
        0.9075720670741958,
        -0.14594558625479445,
        0.3937166861074293,
        0.4785776125710684,
        0.4198888113192636,
        0.32106184212587857,
        -0.8488890856052005,
        0.0515834226583568,
        -0.0025157892534001802,
        0.9357452534656437,
        0.3526676784466514,
        -0.04048450004820598,
        0,
        0,
        0,
        1
      ],
      "fov": 50,
      "aspect": 1.634796238244514
    },
    {
      "camera_to_world": [
        0.9068318926726634,
        -0.14421944199561637,
        0.39605134892105626,
        0.4728275854298069,
        0.42147492784840507,
        0.3188494587117086,
        -0.8489369280897329,
        0.053151836145536015,
        -0.0038475481669468375,
        0.9367687949700949,
        0.34992773703063257,
        -0.039731130187046396,
        0,
        0,
        0,
        1
      ],
      "fov": 50,
      "aspect": 1.634796238244514
    },
    {
      "camera_to_world": [
        0.9058021450166119,
        -0.14272520591379934,
        0.3989385788315896,
        0.46702646812164555,
        0.4236687070448683,
        0.3167106942497212,
        -0.8486454871256838,
        0.05493838945911308,
        -0.005225012366920107,
        0.9377226944810085,
        0.3473454296533098,
        -0.038986032409608205,
        0,
        0,
        0,
        1
      ],
      "fov": 50,
      "aspect": 1.634796238244514
    },
    {
      "camera_to_world": [
        0.9044867895654745,
        -0.14145192083818453,
        0.4023617794879745,
        0.4611768895285461,
        0.426449865966231,
        0.3146412111763649,
        -0.8480220634198463,
        0.056937367440687184,
        -0.006645247845275747,
        0.9386118805558867,
        0.3449109716440124,
        -0.03824917706025563,
        0,
        0,
        0,
        1
      ],
      "fov": 50,
      "aspect": 1.634796238244514
    },
    {
      "camera_to_world": [
        0.9028877616176598,
        -0.1403902804663379,
        0.406305622741841,
        0.45528147853247114,
        0.42979995018536793,
        0.31263599365540246,
        -0.8470718613504727,
        0.05914305493185729,
        -0.008105105903536804,
        0.9394409532385108,
        0.34261494806358106,
        -0.037520534483353,
        0,
        0,
        0,
        1
      ],
      "fov": 50,
      "aspect": 1.634796238244514
    },
    {
      "camera_to_world": [
        0.9010051657347227,
        -0.13953243064981338,
        0.4107558789795957,
        0.4493428640153825,
        0.43370209558775835,
        0.3106894211973439,
        -0.8457981885998848,
        0.06154973677422264,
        -0.009601229199025622,
        0.9402142225860095,
        0.3404482810132154,
        -0.036800075023264545,
        0,
        0,
        0,
        1
      ],
      "fov": 50,
      "aspect": 1.634796238244514
    },
    {
      "camera_to_world": [
        0.8988374476246381,
        -0.1388717877077935,
        0.4156992534591173,
        0.44336367485924255,
        0.43814080453076376,
        0.3087953224233473,
        -0.8442026322243943,
        0.06415169780938222,
        -0.011130056278426337,
        0.9409357445799913,
        0.3384021962383467,
        -0.03608776902435456,
        0,
        0,
        0,
        1
      ],
      "fov": 50,
      "aspect": 1.634796238244514
    },
    {
      "camera_to_world": [
        0.8963815438125541,
        -0.1384028711027564,
        0.4211232280256412,
        0.43734653994601325,
        0.4431017343801239,
        0.3069470132010465,
        -0.8422852153969478,
        0.06694322287893525,
        -0.01268782493371265,
        0.9416093544339237,
        0.3364681897906265,
        -0.035383586830987294,
        0,
        0,
        0,
        1
      ],
      "fov": 50,
      "aspect": 1.634796238244514
    },
    {
      "camera_to_world": [
        0.8936330136902281,
        -0.13812114804998316,
        0.4270159075541277,
        0.431294088157657,
        0.44857149657652406,
        0.30513732267499594,
        -0.8400445385631842,
        0.06991859682448072,
        -0.014270574691234755,
        0.942238697343773,
        0.33463799534107275,
        -0.03468749878752706,
        0,
        0,
        0,
        1
      ],
      "fov": 50,
      "aspect": 1.634796238244514
    },
    {
      "camera_to_world": [
        0.8905861579424496,
        -0.13802288787254083,
        0.4333658704889329,
        0.42520894837613576,
        0.45453746455428334,
        0.30335861017096954,
        -0.8374779083365133,
        0.07307210448761786,
        -0.01587414872899447,
        0.9428272567434937,
        0.3329035526149699,
        -0.03399947523833809,
        0,
        0,
        0,
        1
      ],
      "fov": 50,
      "aspect": 1.634796238244514
    },
    {
      "camera_to_world": [
        0.8872341268727278,
        -0.13810502415045345,
        0.4401620229151887,
        0.41909374948341177,
        0.46098758902588316,
        0.30160277553927084,
        -0.8345814571095571,
        0.07639803070994569,
        -0.017494195508565045,
        0.9433783801271951,
        0.33125697733345516,
        -0.03331948652778466,
        0,
        0,
        0,
        1
      ],
      "fov": 50,
      "aspect": 1.634796238244514
    },
    {
      "camera_to_world": [
        0.8835690217683283,
        -0.1383650229461106,
        0.4473934556925055,
        0.41295112036144727,
        0.46791021935513993,
        0.29986126519163975,
        -0.8313502560658136,
        0.07989066033306329,
        -0.019126170405613308,
        0.9438953024900545,
        0.3296905329893839,
        -0.03264750300023107,
        0,
        0,
        0,
        1
      ],
      "fov": 50,
      "aspect": 1.634796238244514
    },
    {
      "camera_to_world": [
        0.8795819921365378,
        -0.13880075561877359,
        0.4550493043053436,
        0.40678368989220426,
        0.4752939299658878,
        0.2981250758580321,
        -0.8277784240255507,
        0.08354427819856984,
        -0.020765337625511304,
        0.9443811674235675,
        0.328196604749346,
        -0.031983495000041565,
        0,
        0,
        0,
        1
      ],
      "fov": 50,
      "aspect": 1.634796238244514
    },
    {
      "camera_to_world": [
        0.8752633313926813,
        -0.13941037497192282,
        0.46311861123212616,
        0.40059408695764503,
        0.4831273509714467,
        0.29638475792573504,
        -0.8238592343432316,
        0.08735316914806444,
        -0.022406772697065164,
        0.944839045880033,
        0.3267676757542134,
        -0.03132743287158042,
        0,
        0,
        0,
        1
      ],
      "fov": 50,
      "aspect": 1.634796238244514
    },
    {
      "camera_to_world": [
        0.8706025733705566,
        -0.14019219371152583,
        0.4715901908043835,
        0.3943849404397317,
        0.4913990024632253,
        0.2946304201087661,
        -0.8195852218803602,
        0.09131161802314608,
        -0.024045365846913358,
        0.9452719525982362,
        0.325396306082915,
        -0.030679286959211936,
        0,
        0,
        0,
        1
      ],
      "fov": 50,
      "aspect": 1.634796238244514
    },
    {
      "camera_to_world": [
        0.8655885918437431,
        -0.1411445644347508,
        0.48045249671584633,
        0.3881588792204264,
        0.5000971321653302,
        0.2928517371168251,
        -0.8149482918981241,
        0.09541390966541403,
        -0.02567582656854643,
        0.9456828601588285,
        0.32407511464449024,
        -0.03003902760730035,
        0,
        0,
        0,
        1
      ],
      "fov": 50,
      "aspect": 1.634796238244514
    },
    {
      "camera_to_world": [
        0.8602097050787408,
        -0.1422657606207752,
        0.4896934925474691,
        0.3819185321816914,
        0.5092095564466877,
        0.29103796193793113,
        -0.8099398325396664,
        0.09965432891646722,
        -0.027292689711963962,
        0.9460747106153973,
        0.32279676426860104,
        -0.029406625160209955,
        0,
        0,
        0,
        1
      ],
      "fov": 50,
      "aspect": 1.634796238244514
    },
    {
      "camera_to_world": [
        0.8544537872758743,
        -0.1435538583611998,
        0.4993005258955049,
        0.3756665282054887,
        0.5187235049830944,
        0.28917794430562604,
        -0.8045508323935946,
        0.10402716061790494,
        -0.02889032343136464,
        0.9464504246270824,
        0.32155395027156225,
        -0.028782049962305007,
        0,
        0,
        0,
        1
      ],
      "fov": 50,
      "aspect": 1.634796238244514
    },
    {
      "camera_to_world": [
        0.848308388579676,
        -0.14500661884941232,
        0.5092602069229587,
        0.3694054961737806,
        0.5286254696779923,
        0.2872601568789281,
        -0.7987720044403257,
        0.10852668961132611,
        -0.030462939337425103,
        0.946812908002291,
        0.32033939278079665,
        -0.028165272357949796,
        0,
        0,
        0,
        1
      ],
      "fov": 50,
      "aspect": 1.634796238244514
    },
    {
      "camera_to_world": [
        0.8417608651457422,
        -0.1466213719470366,
        0.5195582923960126,
        0.3631380649685291,
        0.5389010587804614,
        0.2852727306098095,
        -0.7925939174733306,
        0.1131472007383301,
        -0.032004605205964314,
        0.9471650555519834,
        0.31914583310270334,
        -0.027556262691508567,
        0,
        0,
        0,
        1
      ],
      "fov": 50,
      "aspect": 1.634796238244514
    },
    {
      "camera_to_world": [
        0.8347985205251673,
        -0.14839490146073545,
        0.5301795765110635,
        0.35686686347169655,
        0.5495348574780505,
        0.2832035006975995,
        -0.7860071358513252,
        0.11788297884051566,
        -0.033509260594211686,
        0.9475097521466908,
        0.3179660344145988,
        -0.026954991307345633,
        0,
        0,
        0,
        1
      ],
      "fov": 50,
      "aspect": 1.634796238244514
    },
    {
      "camera_to_world": [
        0.8274087593606138,
        -0.1503233330914691,
        0.5411077900581374,
        0.35059452056524504,
        0.5605102965846477,
        0.2810400644211884,
        -0.7790023681688808,
        0.12272830875948208,
        -0.0349707357074519,
        0.9478498708753436,
        0.3167927870480545,
        -0.02636142854982524,
        0,
        0,
        0,
        1
      ],
      "fov": 50,
      "aspect": 1.634796238244514
    },
    {
      "camera_to_world": [
        0.8195792540710423,
        -0.1524020263558063,
        0.5523255096942365,
        0.3443236651311367,
        0.5718095312812105,
        0.2787698519873539,
        -0.771570625127027,
        0.12767747533682855,
        -0.036382773840326996,
        0.9481882682176536,
        0.31561891860611063,
        -0.025775544763311658,
        0,
        0,
        0,
        1
      ],
      "fov": 50,
      "aspect": 1.634796238244514
    },
    {
      "camera_to_world": [
        0.8112981248278667,
        -0.1546254721172797,
        0.563814079305666,
        0.33805692605133375,
        0.5834133321888822,
        0.27638021132675505,
        -0.7637033865390694,
        0.13272476341415396,
        -0.03773905768633084,
        0.9485277761665637,
        0.31443730911814716,
        -0.025197310292169175,
        0,
        0,
        0,
        1
      ],
      "fov": 50,
      "aspect": 1.634796238244514
    },
    {
      "camera_to_world": [
        0.8025541326888541,
        -0.15698719769430872,
        0.5755535456099017,
        0.33179693220779827,
        0.5953009913460391,
        0.27385850749926083,
        -0.7553927770191481,
        0.13786445783305765,
        -0.03903323976387754,
        0.9488711912743296,
        0.3132409113815919,
        -0.02462669548076204,
        0,
        0,
        0,
        1
      ],
      "fov": 50,
      "aspect": 1.634796238244514
    },
    {
      "camera_to_world": [
        0.7933368852555057,
        -0.1594796818160482,
        0.5875226102721025,
        0.3255463124824925,
        0.6074502459068278,
        0.2711922370304192,
        -0.746631749473709,
        0.1430908434351385,
        -0.040258977145816104,
        0.9492212606459512,
        0.31202277656748667,
        -0.02406367067345455,
        0,
        0,
        0,
        1
      ],
      "fov": 50,
      "aspect": 1.634796238244514
    },
    {
      "camera_to_world": [
        0.7836370536567825,
        -0.1620942819618423,
        0.5996986008749662,
        0.3193076957573784,
        0.619837222560115,
        0.2683691570870911,
        -0.7374142750539393,
        0.14839820506199594,
        -0.041409970599841764,
        0.949580664967247,
        0.31077608507618676,
        -0.023508206214610947,
        0,
        0,
        0,
        1
      ],
      "fov": 50,
      "aspect": 1.634796238244514
    },
    {
      "camera_to_world": [
        0.7734465990434783,
        -0.16482117682433894,
        0.612057463068883,
        0.3130837109144185,
        0.6324364057640449,
        0.2653774289125255,
        -0.7277355377388368,
        0.15378082755522865,
        -0.04248000814893501,
        0.949951998731524,
        0.30949418251988026,
        -0.022960272448595546,
        0,
        0,
        0,
        1
      ],
      "fov": 50,
      "aspect": 1.634796238244514
    },
    {
      "camera_to_world": [
        0.7627590061152082,
        -0.1676493267594465,
        0.6245737761283644,
        0.3068769868355746,
        0.645220632881502,
        0.26220577438430615,
        -0.7175921312162784,
        0.15923299575643607,
        -0.04346301294358258,
        0.9503377479173554,
        0.30817062058092964,
        -0.022419839719772586,
        0,
        0,
        0,
        1
      ],
      "fov": 50,
      "aspect": 1.634796238244514
    },
    {
      "camera_to_world": [
        0.7515695205139835,
        -0.17056645510603294,
        0.6372207939379745,
        0.3006901524028092,
        0.6581611191648934,
        0.2588436439433595,
        -0.7069822552297466,
        0.16474899450721706,
        -0.044353095201979435,
        0.9507402654682745,
        0.30679920235117825,
        -0.02188687837250635,
        0,
        0,
        0,
        1
      ],
      "fov": 50,
      "aspect": 1.634796238244514
    },
    {
      "camera_to_world": [
        0.7398753862289258,
        -0.1735590531531466,
        0.6499705131166961,
        0.29452583649808417,
        0.6712275152562811,
        0.25528139348585,
        -0.6959059080815463,
        0.1703231086491709,
        -0.04514460782282927,
        0.9511617450299954,
        0.305374031600621,
        -0.021361358751161106,
        0,
        0,
        0,
        1
      ],
      "fov": 50,
      "aspect": 1.634796238244514
    },
    {
      "camera_to_world": [
        0.7276760784964479,
        -0.1766124112835786,
        0.662793769557795,
        0.2883866680033619,
        0.6843879994262495,
        0.25151046713646524,
        -0.6843650715532851,
        0.17594962302389658,
        -0.04583220511133524,
        0.9516041935076774,
        0.30388956525888705,
        -0.020843251200101137,
        0,
        0,
        0,
        1
      ],
      "fov": 50,
      "aspect": 1.634796238244514
    },
    {
      "camera_to_world": [
        0.7149735270851669,
        -0.17971067841549557,
        0.6756603641111697,
        0.2822752758006043,
        0.697609406163454,
        0.24752358216228176,
        -0.6723638841474349,
        0.18162282247299333,
        -0.04641090388765515,
        0.9520694031093503,
        0.30234066822598704,
        -0.020332526063690695,
        0,
        0,
        0,
        1
      ],
      "fov": 50,
      "aspect": 1.634796238244514
    },
    {
      "camera_to_world": [
        0.7017723243651216,
        -0.18283695129121827,
        0.6885392174725469,
        0.27619428877177366,
        0.7108573919460314,
        0.2433149116780239,
        -0.6599087982977662,
        0.18733699183806016,
        -0.04687614607517339,
        0.9525589236355134,
        0.3007226694672201,
        -0.019829153686294072,
        0,
        0,
        0,
        1
      ],
      "fov": 50,
      "aspect": 1.634796238244514
    },
    {
      "camera_to_world": [
        0.6880799122188337,
        -0.18597339442573976,
        0.7013985535818351,
        0.2701463357988323,
        0.7240966380856325,
        0.2388802602774436,
        -0.6470087170686847,
        0.19308641596069617,
        -0.0472238617015449,
        0.953074035852173,
        0.299031418199567,
        -0.019333104412275537,
        0,
        0,
        0,
        1
      ],
      "fov": 50,
      "aspect": 1.634796238244514
    },
    {
      "camera_to_world": [
        0.6739067416990447,
        -0.18910139064002923,
        0.7142061099924756,
        0.26413404576374205,
        0.737291089455928,
        0.23421722734521927,
        -0.6336751058891368,
        0.19886537968250056,
        -0.0474505310978488,
        0.9536157268379779,
        0.29726333885261924,
        -0.01884434858599935,
        0,
        0,
        0,
        1
      ],
      "fov": 50,
      "aspect": 1.634796238244514
    },
    {
      "camera_to_world": [
        0.6592663994122894,
        -0.19220172109065206,
        0.7269293727837299,
        0.25816004754846533,
        0.750404226733633,
        0.22932535260164394,
        -0.6199220750662376,
        0.20466816784507233,
        -0.04755324496030149,
        0.9541846682188532,
        0.2954154833955436,
        -0.018362856551829794,
        0,
        0,
        0,
        1
      ],
      "fov": 50,
      "aspect": 1.634796238244514
    },
    {
      "camera_to_world": [
        0.6441756949389217,
        -0.19525477260559823,
        0.7395358326847278,
        0.2522269700349643,
        0.7633993685372296,
        0.22420623844626938,
        -0.6057664292107429,
        0.21048906529001057,
        -0.04752976085482365,
        0.9547811981896747,
        0.29348557957176113,
        -0.017888598654131147,
        0,
        0,
        0,
        1
      ],
      "fov": 50,
      "aspect": 1.634796238244514
    },
    {
      "camera_to_world": [
        0.6286547042074815,
        -0.1982407689962478,
        0.7519932582048726,
        0.246337442105201,
        0.7762399986033389,
        0.2188636439257821,
        -0.591227680285537,
        0.21632235685891438,
        -0.047378554706667395,
        0.9554053081678502,
        0.2914720735827062,
        -0.017421545237267667,
        0,
        0,
        0,
        1
      ],
      "fov": 50,
      "aspect": 1.634796238244514
    },
    {
      "camera_to_world": [
        0.6127267646282666,
        -0.20114002189684108,
        0.7642699807656422,
        0.24049409264113752,
        0.7888901119581957,
        0.2133035456724351,
        -0.57632802175337,
        0.22216232739338315,
        -0.04709886583307933,
        0.9560566348260472,
        0.2893741658170817,
        -0.01696166664560362,
        0,
        0,
        0,
        1
      ],
      "fov": 50,
      "aspect": 1.634796238244514
    },
    {
      "camera_to_world": [
        0.5964184189440461,
        -0.2039331956518517,
        0.7763351861506136,
        0.23469955052473634,
        0.8013145729915461,
        0.20753416194323795,
        -0.5610922622331324,
        0.22800326173501556,
        -0.046690734152085765,
        0.9567344581114142,
        0.28719183833562856,
        -0.01650893322350331,
        0,
        0,
        0,
        1
      ],
      "fov": 50,
      "aspect": 1.634796238244514
    },
    {
      "camera_to_world": [
        0.5797593061425715,
        -0.20660157989638925,
        0.7881592060779343,
        0.22895644463795917,
        0.8134794774917636,
        0.20156593691960276,
        -0.5455477181452141,
        0.23383944472541113,
        -0.04615502833723781,
        0.9574377056801339,
        0.28492587299357386,
        -0.016063315315330968,
        0,
        0,
        0,
        1
      ],
      "fov": 50,
      "aspect": 1.634796238244514
    },
    {
      "camera_to_world": [
        0.5627819993446379,
        -0.20912736281969754,
        0.7997138033907697,
        0.2232674038627688,
        0.825352510117571,
        0.19541148366609518,
        -0.5297240659947784,
        0.23966516120616832,
        -0.04549346388523082,
        0.9581649639657536,
        0.2825778593100125,
        -0.01562478326545092,
        0,
        0,
        0,
        1
      ],
      "fov": 50,
      "aspect": 1.634796238244514
    },
    {
      "camera_to_world": [
        0.5455217922647521,
        -0.21149389772215138,
        0.8109724442855903,
        0.21763505708112668,
        0.83690328851542,
        0.18908548554111423,
        -0.5136531561567172,
        0.24547469601888697,
        -0.044708610315336045,
        0.9589144958670577,
        0.2801501914682518,
        -0.01519330741822738,
        0,
        0,
        0,
        1
      ],
      "fov": 50,
      "aspect": 1.634796238244514
    },
    {
      "camera_to_world": [
        0.5280164375578495,
        -0.21368595541214813,
        0.8219105511722763,
        0.21206203317499545,
        0.8481036853775005,
        0.18260455733236963,
        -0.4973687912309649,
        0.25126233400516573,
        -0.04380388701724348,
        0.959684264798088,
        0.277646054142921,
        -0.014768858118024655,
        0,
        0,
        0,
        1
      ],
      "fov": 50,
      "aspect": 1.634796238244514
    },
    {
      "camera_to_world": [
        0.5103058420257537,
        -0.21568995526179613,
        0.8325057301866162,
        0.20655096102633697,
        0.8589281201879654,
        0.17598706887587948,
        -0.4809064731721177,
        0.25702236000660417,
        -0.04278354759431415,
        0.9604719646026326,
        0.2750693971847909,
        -0.014351405709207,
        0,
        0,
        0,
        1
      ],
      "fov": 50,
      "aspect": 1.634796238244514
    },
    {
      "camera_to_world": [
        0.49243172517111106,
        -0.21749416834767155,
        0.8427379680421181,
        0.2011044695171137,
        0.8693538132151205,
        0.16925293532437755,
        -0.46430312440517957,
        0.2627490588648007,
        -0.04165265289669997,
        0.9612750546117571,
        0.2724248995371573,
        -0.013940920536138705,
        0,
        0,
        0,
        1
      ],
      "fov": 50,
      "aspect": 1.634796238244514
    },
    {
      "camera_to_world": [
        0.4744372488696694,
        -0.21908888702013804,
        0.8525897937867052,
        0.1957251875292877,
        0.8793609954423424,
        0.1624233794771131,
        -0.4475967889673548,
        0.26843671542135483,
        -0.04041703328588627,
        0.9620907989288282,
        0.2697179230916193,
        -0.013537372943184032,
        0,
        0,
        0,
        1
      ],
      "fov": 50,
      "aspect": 1.634796238244514
    },
    {
      "camera_to_world": [
        0.45636662691234325,
        -0.2204665564245947,
        0.8620464020799177,
        0.1904157439448209,
        0.8889330695353266,
        0.1555206725950089,
        -0.4308263203218883,
        0.2740796145178658,
        -0.039083241001130184,
        0.9629163088731426,
        0.2669544574997213,
        -0.013140733274707248,
        0,
        0,
        0,
        1
      ],
      "fov": 50,
      "aspect": 1.634796238244514
    },
    {
      "camera_to_world": [
        0.4382647237931948,
        -0.2216218648747664,
        0.8710957357764446,
        0.1851787676456758,
        0.8980567185449849,
        0.14856786084527387,
        -0.41403106284441177,
        0.27967204099593235,
        -0.03765849379208614,
        0.9637485874092319,
        0.2641410572251525,
        -0.012750971875072636,
        0,
        0,
        0,
        1
      ],
      "fov": 50,
      "aspect": 1.634796238244514
    },
    {
      "camera_to_world": [
        0.4201766523579257,
        -0.22255179147267287,
        0.8797285268340402,
        0.1800168875138145,
        0.9067219607582437,
        0.14158848491042628,
        -0.39725053407074973,
        0.28520827969715384,
        -0.03615061122599163,
        0.9645845743391681,
        0.2612847723364553,
        -0.012368059088644466,
        0,
        0,
        0,
        1
      ],
      "fov": 50,
      "aspect": 1.634796238244514
    },
    {
      "camera_to_world": [
        0.40214737977445875,
        -0.22325561089644172,
        0.8879382957975143,
        0.17493273243119903,
        0.9149221508417992,
        0.1346063003438697,
        -0.3805241146192344,
        0.29068261546312923,
        -0.03456794526079924,
        0.9654211910409841,
        0.2583930746932933,
        -0.011991965259787013,
        0,
        0,
        0,
        1
      ],
      "fov": 50,
      "aspect": 1.634796238244514
    },
    {
      "camera_to_world": [
        0.3842213507622042,
        -0.2237348567503534,
        0.8957213112868122,
        0.16992893127979142,
        0.9226539290865821,
        0.12764500596689915,
        -0.3638907522771122,
        0.29608933313545793,
        -0.03291930679038583,
        0.9662553835951493,
        0.2554737812649888,
        -0.011622660732864526,
        0,
        0,
        0,
        1
      ],
      "fov": 50,
      "aspect": 1.634796238244514
    },
    {
      "camera_to_world": [
        0.36644213616188426,
        -0.22399324621331088,
        0.9030765119833083,
        0.16500811294155415,
        0.9299171220714744,
        0.12072798701149265,
        -0.3473886861002522,
        0.3014227175557387,
        -0.031213889911732573,
        0.9670841632469098,
        0.25253497633714483,
        -0.011260115852241313,
        0,
        0,
        0,
        1
      ],
      "fov": 50,
      "aspect": 1.634796238244514
    },
    {
      "camera_to_world": [
        0.3488521138036308,
        -0.2240365698672957,
        0.9100053945207331,
        0.16017290629844927,
        0.9367145993557956,
        0.11387807886890938,
        -0.3310551955593477,
        0.3066770535655706,
        -0.02946119563850201,
        0.9679046432966537,
        0.24958493431360626,
        -0.010904300962281621,
        0,
        0,
        0,
        1
      ],
      "fov": 50,
      "aspect": 1.634796238244514
    },
    {
      "camera_to_world": [
        0.33149218731057317,
        -0.22387255148845872,
        0.9165118714136218,
        0.15542594023243878,
        0.9430520918313849,
        0.10711735626860905,
        -0.31492637882284996,
        0.31184662600655316,
        -0.027670956696530198,
        0.968714071682698,
        0.24663204471322753,
        -0.01055518640734972,
        0,
        0,
        0,
        1
      ],
      "fov": 50,
      "aspect": 1.634796238244514
    },
    {
      "camera_to_world": [
        0.31440154703751966,
        -0.22351068321201537,
        0.9226021036776972,
        0.15076984362548512,
        0.9489379780870966,
        0.10046695155521497,
        -0.2990369632489857,
        0.31692571972028505,
        -0.025853064893499512,
        0.9695098587096987,
        0.24368474080317853,
        -0.010212742531809909,
        0,
        0,
        0,
        1
      ],
      "fov": 50,
      "aspect": 1.634796238244514
    },
    {
      "camera_to_world": [
        0.2976174758690946,
        -0.22296204182959894,
        0.9282843131069733,
        0.14620724535955026,
        0.954383045552083,
        0.09394690452433405,
        -0.2834201501182061,
        0.3219086195483656,
        -0.024017502368891164,
        0.9702895995698767,
        0.24075143311409072,
        -0.00987693968002644,
        0,
        0,
        0,
        1
      ],
      "fov": 50,
      "aspect": 1.634796238244514
    },
    {
      "camera_to_world": [
        0.28117520116258066,
        -0.2222390920540371,
        0.9335685792774838,
        0.14174077431659649,
        0.959400233299226,
        0.08757604508800548,
        -0.2681074946213452,
        0.32678961033239373,
        -0.022174277814019747,
        0.9710510914929971,
        0.23784044885949454,
        -0.009547748196363583,
        0,
        0,
        0,
        1
      ],
      "fov": 50,
      "aspect": 1.634796238244514
    },
    {
      "camera_to_world": [
        0.2651077927814466,
        -0.22135548241699604,
        0.9384666262635493,
        0.13737305937858565,
        0.9640043632324704,
        0.08137190892564423,
        -0.25312882116929347,
        0.33156297691396885,
        -0.020333368518499668,
        0.9717923455356784,
        0.23495997804510294,
        -0.009225138425185611,
        0,
        0,
        0,
        1
      ],
      "fov": 50,
      "aspect": 1.634796238244514
    },
    {
      "camera_to_world": [
        0.2494461059766881,
        -0.22032583908648426,
        0.9429916038035034,
        0.13310672942748036,
        0.9682118659897742,
        0.07535068528317879,
        -0.23851217324060187,
        0.33622300413468986,
        -0.018504668861301293,
        0.9725115931741853,
        0.2321180268142516,
        -0.008909080710856809,
        0,
        0,
        0,
        1
      ],
      "fov": 50,
      "aspect": 1.634796238244514
    },
    {
      "camera_to_world": [
        0.234218766870318,
        -0.21916556234806306,
        0.9471578672673342,
        0.12894441334524254,
        0.9720405073130437,
        0.06952719524472256,
        -0.22428379625822975,
        0.3407639768361558,
        -0.016697945632577645,
        0.9732072879926759,
        0.22932237834453045,
        -0.00859954539774144,
        0,
        0,
        0,
        1
      ],
      "fov": 50,
      "aspect": 1.634796238244514
    },
    {
      "camera_to_world": [
        0.21945219749936073,
        -0.21789062983313404,
        0.950980760290986,
        0.12488874001383422,
        0.9755091199175144,
        0.06391489813696849,
        -0.21046815140039005,
        0.34518017985996596,
        -0.014922800355768817,
        0.9738781028583923,
        0.226580561395899,
        -0.008296502830203771,
        0,
        0,
        0,
        1
      ],
      "fov": 50,
      "aspect": 1.634796238244514
    },
    {
      "camera_to_world": [
        0.20517067679614462,
        -0.21651740984651938,
        0.9544764033837433,
        0.12094233831521786,
        0.9786373450851376,
        0.05852592324300778,
        -0.1970879578088599,
        0.3494658980477193,
        -0.013188638584984654,
        0.9745229230458913,
        0.2238998264187954,
        -0.00799992335260809,
        0,
        0,
        0,
        1
      ],
      "fov": 50,
      "aspect": 1.634796238244514
    },
    {
      "camera_to_world": [
        0.19139643350602228,
        -0.21506248738669062,
        0.9576614912171337,
        0.11710783713135536,
        0.9814453873557797,
        0.053371123694803915,
        -0.18416426035910965,
        0.3536154162410151,
        -0.011504645984939792,
        0.9751408358153213,
        0.22128712896632224,
        -0.0077097773093186515,
        0,
        0,
        0,
        1
      ],
      "fov": 50,
      "aspect": 1.634796238244514
    },
    {
      "camera_to_world": [
        0.17814976686167358,
        -0.2135425047024428,
        0.9605531006938339,
        0.11338786534420922,
        0.9839537848368907,
        0.0484601492685263,
        -0.17171651999161247,
        0.357623019281452,
        -0.009879770862172945,
        0.9757311169673126,
        0.21874912001978797,
        -0.007426035044699751,
        0,
        0,
        0,
        1
      ],
      "fov": 50,
      "aspect": 1.634796238244514
    },
    {
      "camera_to_world": [
        0.1654491908214571,
        -0.21197401751929426,
        0.9631685112965722,
        0.10978505183574114,
        0.9861831968299373,
        0.04380153480444038,
        -0.15976272355922283,
        0.36148299201062967,
        -0.008322712707424969,
        0.9762932148926906,
        0.2162921427321953,
        -0.007148666903115626,
        0,
        0,
        0,
        1
      ],
      "fov": 50,
      "aspect": 1.634796238244514
    },
    {
      "camera_to_world": [
        0.1533115978111959,
        -0.21037336741937923,
        0.9655250386485111,
        0.10630202548791365,
        0.9881542097055992,
        0.03940280108923832,
        -0.14831951020491194,
        0.365189619270147,
        -0.006841916228746121,
        0.9768267326127765,
        0.2139222350186301,
        -0.006877643228930585,
        0,
        0,
        0,
        1
      ],
      "fov": 50,
      "aspect": 1.634796238244514
    },
    {
      "camera_to_world": [
        0.14175243815536095,
        -0.20875657028435862,
        0.9676398816915941,
        0.10294141518268865,
        0.9898871612669348,
        0.03527056524798576,
        -0.1374023114288012,
        0.36873718590160304,
        -0.005445570300736728,
        0.9773314082695793,
        0.21164513737362484,
        -0.006612934366508866,
        0,
        0,
        0,
        1
      ],
      "fov": 50,
      "aspect": 1.634796238244514
    },
    {
      "camera_to_world": [
        0.1307859117161521,
        -0.20713922021920117,
        0.9695299834164781,
        0.0997058498020286,
        0.9914019832303362,
        0.031410657969966775,
        -0.1270255022145164,
        0.37211997674659697,
        -0.004141611224055219,
        0.9778070944786988,
        0.2094663052703077,
        -0.006354510660214778,
        0,
        0,
        0,
        1
      ],
      "fov": 50,
      "aspect": 1.634796238244514
    },
    {
      "camera_to_world": [
        0.12042516864981105,
        -0.20553640796680503,
        0.9712119046612678,
        0.09659795822789549,
        0.9927180609317074,
        0.027828245213719318,
        -0.1172025608436783,
        0.3753322766467278,
        -0.002937729677076597,
        0.9782537369049137,
        0.20739092549076546,
        -0.006102342454412565,
        0,
        0,
        0,
        1
      ],
      "fov": 50,
      "aspect": 1.634796238244514
    },
    {
      "camera_to_world": [
        0.1106825166141048,
        -0.20396265249570253,
        0.9727017101367128,
        0.09362036934225135,
        0.9938541089279267,
        0.024527952380252474,
        -0.10794623531698053,
        0.3783683704435948,
        -0.0018413807442468066,
        0.978671352364495,
        0.20542393574753004,
        -0.005856400093466496,
        0,
        0,
        0,
        1
      ],
      "fov": 50,
      "aspect": 1.634796238244514
    },
    {
      "camera_to_world": [
        0.10156963219730959,
        -0.20243184418816834,
        0.9740148655302343,
        0.09077571202705861,
        0.9948280608051931,
        0.021513989291512634,
        -0.09926871460507444,
        0.3812225429787968,
        -0.0008597964190973988,
        0.9790600067020109,
        0.2035700469783703,
        -0.0056166539217408756,
        0,
        0,
        0,
        1
      ],
      "fov": 50,
      "aspect": 1.634796238244514
    },
    {
      "camera_to_world": [
        0.09309777476922022,
        -0.200957197864009,
        0.9751661442849958,
        0.08806661516427933,
        0.9956569712170048,
        0.018790274648636758,
        -0.09118180325925375,
        0.38388907909393316,
        -2.1510571102112403e-16,
        0.979419792635045,
        0.20183376772662612,
        -0.005383074283599951,
        0,
        0,
        0,
        1
      ],
      "fov": 50,
      "aspect": 1.634796238244514
    },
    {
      "camera_to_world": [
        0.08493885695910008,
        -0.1995328509306031,
        0.9762028641517025,
        0.0855004391047802,
        0.9963858652994928,
        0.016249162569045576,
        -0.08337368977792539,
        0.38644833433156683,
        0.0007733109740242078,
        0.9797564014158368,
        0.20019189762532105,
        -0.005159575184400844,
        0,
        0,
        0,
        1
      ],
      "fov": 50,
      "aspect": 1.634796238244514
    },
    {
      "camera_to_world": [
        0.07675778462756402,
        -0.19814364239965526,
        0.9771629032437048,
        0.08308053051619482,
        0.9970486398934669,
        0.013778905468444657,
        -0.07552583300222174,
        0.38898393492000216,
        0.0015007283752623644,
        0.9800761392568893,
        0.19861648741646415,
        -0.004949879604037709,
        0,
        0,
        0,
        1
      ],
      "fov": 50,
      "aspect": 1.634796238244514
    },
    {
      "camera_to_world": [
        0.06855527055151157,
        -0.1967883703067074,
        0.9780462730319253,
        0.08080349775563597,
        0.9976449308206388,
        0.011377190544803467,
        -0.0676398665225656,
        0.39149507172944953,
        0.0021833202908198087,
        0.980379975747841,
        0.19710488645685642,
        -0.004753671348680398,
        0,
        0,
        0,
        1
      ],
      "fov": 50,
      "aspect": 1.634796238244514
    },
    {
      "camera_to_world": [
        0.060332222274686875,
        -0.1954659099883667,
        0.9788529516673163,
        0.07866594918021605,
        0.9981743626878662,
        0.009041788328319643,
        -0.05971756639798958,
        0.39398093563011977,
        0.0028221672647469696,
        0.980668814685287,
        0.19565457131302655,
        -0.004570634224498743,
        0,
        0,
        0,
        1
      ],
      "fov": 50,
      "aspect": 1.634796238244514
    },
    {
      "camera_to_world": [
        0.05208973974622354,
        -0.19417520845582442,
        0.9795828946211279,
        0.0766644931470476,
        0.9986365574224723,
        0.006770548235909139,
        -0.05176085254300409,
        0.39644071749222376,
        0.0034183610932851643,
        0.9809434989323914,
        0.19426313780466314,
        -0.004400452037662576,
        0,
        0,
        0,
        1
      ],
      "fov": 50,
      "aspect": 1.634796238244514
    },
    {
      "camera_to_world": [
        0.04382911306797603,
        -0.1929152791638402,
        0.9802360449977405,
        0.07479573801324323,
        0.9990311427025608,
        0.00456139460172537,
        -0.04377178988461952,
